0.217327587,0.316511541,0.466160872
0.931129679,0.053338563,0.015531758
0.295319512,0.324032843,0.380647646
0.81530509,0.148712029,0.035982881
0.810830226,0.007758131,0.181411644
0.598467368,0.204423054,0.197109578
0.542723245,0.263284337,0.193992418
0.570777916,0.403749287,0.025472797
0.498490879,0.162842081,0.338667039
0.765999007,0.132066316,0.101934678
0.161473599,0.586612795,0.251913606
0.195912661,0.205054502,0.599032838
0.223468109,0.25224305,0.524288841
0.055853881,0.703657597,0.240488522
0.907190417,0.075478111,0.017331472
0.333561569,0.217732165,0.448706266
0.643072219,0.077953344,0.278974437
0.970053515,0.018270272,0.011676214
0.396077009,0.160469908,0.443453083
0.524375203,0.160476232,0.315148565
0.451306467,0.299136494,0.249557038
0.360539997,0.39744276,0.242017243
0.818889767,0.05621456,0.124895673
0.968583717,0.020698448,0.010717835
0.538126558,0.440420784,0.021452657
0.895637157,0.04852203,0.055840813
0.475873193,0.426993324,0.097133483
0.405168732,0.322586869,0.272244399
0.279088439,0.046236817,0.674674744
0.456248049,0.367205642,0.176546309
0.524058018,0.071683332,0.404258651
0.674652184,0.303434031,0.021913785
0.833174019,0.14293786,0.023888121
0.22948155,0.116744156,0.653774294
0.841695832,0.079586946,0.078717222
0.660541607,0.106644951,0.232813442
0.920743208,0.028204855,0.051051937
0.586133832,0.068885492,0.344980677
0.392289781,0.39892499,0.208785229
0.449904698,0.169576258,0.380519044
0.132645028,0.841017247,0.026337725
0.258107256,0.188076464,0.55381628
0.081052178,0.087198215,0.831749607
0.220591263,0.490626708,0.288782028
0.932562702,0.000180664,0.067256634
0.036712203,0.651135364,0.312152432
0.736101711,0.04822973,0.215668559
0.32036813,0.132433792,0.547198078
0.013788413,0.620111512,0.366100075
0.575734665,0.002950245,0.42131509
0.658748115,0.131863985,0.209387899
0.306715648,0.12043722,0.572847132
0.076380494,0.627020145,0.296599361
0.041717668,0.495991092,0.462291239
0.163899989,0.723582044,0.112517968
0.584502394,0.315994465,0.099503141
0.320029431,0.161854743,0.518115826
0.029561356,0.594558988,0.375879656
0.578224317,0.185721616,0.236054067
0.039695733,0.839522919,0.120781348
0.165071728,0.502767706,0.332160566
0.280631697,0.441412697,0.277955606
0.533314349,0.142379141,0.32430651
0.041855341,0.474748645,0.483396014
0.771032971,0.151478613,0.077488417
0.011333428,0.955147933,0.033518639
0.062331595,0.84236883,0.095299575
0.212903435,0.299327507,0.487769058
0.502408327,0.237327724,0.260263949
0.084201664,0.411295983,0.504502353
0.090952374,0.682888534,0.226159093
0.082537858,0.747049082,0.17041306
0.046893637,0.737559062,0.215547301
0.02599919,0.964013042,0.009987767
0.190682174,0.422617283,0.386700543
0.328547365,0.629667165,0.04178547
0.262952968,0.115321929,0.621725103
0.70868085,0.251086662,0.040232488
0.235477001,0.012643662,0.751879337
0.32513418,0.23827412,0.436591699
0.012110282,0.846613947,0.141275771
0.266290726,0.727259986,0.006449288
0.259631568,0.223727481,0.516640952
0.064886613,0.519237147,0.41587624
0.021334043,0.815354925,0.163311032
0.322501193,0.672179385,0.005319422
0.036832227,0.955302445,0.007865328
0.207920958,0.551825862,0.24025318
0.286733449,0.113542764,0.599723787
0.098505541,0.189699991,0.711794468
0.088794775,0.888126502,0.023078723
0.087472228,0.792849888,0.119677884
0.187600245,0.757025288,0.055374467
0.855326844,0.018115521,0.126557634
0.08809717,0.8623688,0.049534031
0.389427753,0.099282083,0.511290164
0.245080931,0.500712071,0.254206998
0.019605993,0.235150715,0.745243292
0.036247928,0.853786732,0.109965339
0.354569055,0.397498632,0.247932313
0.372350849,0.235523534,0.392125618
0.550983548,0.326130234,0.122886217
0.80146879,0.070623867,0.127907344
0.235080947,0.634209402,0.13070965
0.067080788,0.107841779,0.825077432
0.44745191,0.181518257,0.371029833
0.451910819,0.111051512,0.437037669
0.830958817,0.048772109,0.120269074
0.531458052,0.427280437,0.041261511
0.026481012,0.317222117,0.656296871
0.998503898,0.000356952,0.001139151
0.719939411,0.12876416,0.151296429
0.167089331,0.736558221,0.096352449
0.270684935,0.5680562,0.161258865
0.257507443,0.348017789,0.394474768
0.844604968,0.130744193,0.024650839
0.354420757,0.462404383,0.18317486
0.394907656,0.246696715,0.358395629
0.369014678,0.306042873,0.324942449
0.053597037,0.488539103,0.45786386
0.628383232,0.369881018,0.00173575
0.1075122,0.307511401,0.584976399
0.795557725,0.194633422,0.009808852
0.361630365,0.15285178,0.485517855
0.743506731,0.159411993,0.097081276
0.542512966,0.433268943,0.024218091
0.094056071,0.702538698,0.203405231
0.372951157,0.033677576,0.593371268
0.965990992,0.029194034,0.004814974
0.896450635,0.005697626,0.097851739
0.751539486,0.218398021,0.030062492
0.95924685,0.034993495,0.005759654
0.5752609,0.208233038,0.216506061
0.068930986,0.021807206,0.909261809
0.944318132,0.014626937,0.041054931
0.809520971,0.113338076,0.077140953
0.247166315,0.165561594,0.587272091
0.835151861,0.117456584,0.047391555
0.214908652,0.565350713,0.219740636
0.437533097,0.17981103,0.382655872
0.800683063,0.10075194,0.098564997
0.166137649,0.608931995,0.224930356
0.620864741,0.298630937,0.080504322
0.278300454,0.056908361,0.664791185
0.214600448,0.293109896,0.492289656
0.668701571,0.007116153,0.324182276
0.412736704,0.399063788,0.188199508
0.802478341,0.06298481,0.134536849
0.75710143,0.112946623,0.129951947
0.612516297,0.01965551,0.367828193
0.892453554,0.070575899,0.036970547
0.156160598,0.058669492,0.785169909
0.406152854,0.02085771,0.572989436
0.364964642,0.587435148,0.04760021
0.123561233,0.837449352,0.038989415
0.0404354,0.45659535,0.50296925
0.097086974,0.41970074,0.483212286
0.378586303,0.597853621,0.023560075
0.404332407,0.34507052,0.250597074
0.032669733,0.841403525,0.125926742
0.020657577,0.398528922,0.580813501
0.020951442,0.942055663,0.036992895
0.376223209,0.562467914,0.061308877
0.352768231,0.506371044,0.140860725
0.452639441,0.01717204,0.530188518
0.360836159,0.103881264,0.535282578
0.16548424,0.357863303,0.476652457
0.13139041,0.782011755,0.086597835
0.502740672,0.417779981,0.079479347
0.109892924,0.800808529,0.089298547
0.669535945,0.306905054,0.023559001
0.154758862,0.123141753,0.722099385
0.222879306,0.515261935,0.261858759
0.132872309,0.007589603,0.859538088
0.050580617,0.946807673,0.00261171
0.492704778,0.342072064,0.165223158
0.015607787,0.678252671,0.306139543
0.00248383,0.997043164,0.000473006
0.675098711,0.059327345,0.265573945
0.059779351,0.365181964,0.575038685
0.062847657,0.505861092,0.43129125
0.000685757,0.997532932,0.001781311
0.112068339,0.562946757,0.324984903
0.590384088,0.195278307,0.214337605
0.164913014,0.797862721,0.037224264
0.138270209,0.430965707,0.430764085
0.320378482,0.372624082,0.306997436
0.073492679,0.507666665,0.418840656
0.353801005,0.176002102,0.470196893
0.295681464,0.454880405,0.249438132
0.070393954,0.745886515,0.183719531
0.090987509,0.833218057,0.075794434
0.23588183,0.51576759,0.248350581
0.378017315,0.243882644,0.378100041
0.083365034,0.336300962,0.580334004
0.01048285,0.529399324,0.460117826
0.607379861,0.148951866,0.243668274
0.058575039,0.666529582,0.274895379
0.420694587,0.154768846,0.424536568
0.098295093,0.877938724,0.023766183
0.384081895,0.354491055,0.261427049
0.773128535,0.111647894,0.115223571
0.026374289,0.929299466,0.044326245
0.311581915,0.337064462,0.351353623
0.065744293,0.574363142,0.359892566
0.424462897,0.198722432,0.376814671
0.977424526,0.021273786,0.001301687
0.212918856,0.37448383,0.412597314
0.40577897,0.459489197,0.134731832
0.574800419,0.026426591,0.39877299
0.335392724,0.120588615,0.54401866
0.711532164,0.227157188,0.061310648
0.967589281,0.016053175,0.016357544
0.423396241,0.500798622,0.075805136
0.119546866,0.451248177,0.429204957
0.66605458,0.12157397,0.212371449
0.30601943,0.408268524,0.285712046
0.625538102,0.267309274,0.107152625
0.823419676,0.133235519,0.043344805
0.433191184,0.017956148,0.548852668
0.854915216,0.005509934,0.13957485
0.301695281,0.29581013,0.402494589
0.529784671,0.234239829,0.2359755
0.69424604,0.258294093,0.047459868
0.353752681,0.38902402,0.257223299
0.671518565,0.029745522,0.298735913
0.663021223,0.29071389,0.046264887
0.36003755,0.250879506,0.389082943
0.4570555,0.333440368,0.209504133
0.556382981,0.19627273,0.24734429
0.345700861,0.396279879,0.25801926
0.036936873,0.678932234,0.284130893
0.160682151,0.518256743,0.321061106
0.318203172,0.123379777,0.558417052
0.362239673,0.487427666,0.150332661
0.122658348,0.135243644,0.742098008
0.510063598,0.298505753,0.19143065
0.843191482,0.119936707,0.036871811
0.145238581,0.77685743,0.077903989
0.401078688,0.308811967,0.290109346
0.809821437,0.082352168,0.107826395
0.450670582,0.045018337,0.50431108
0.506838031,0.287607429,0.20555454
0.907641937,0.087946414,0.004411649
0.447269034,0.181968275,0.370762691
0.389239229,0.416225522,0.194535249
0.536771058,0.231774839,0.231454103
0.059984541,0.21261899,0.727396469
0.651190552,0.213798035,0.135011413
0.41364242,0.549325831,0.037031749
0.896721306,0.067499487,0.035779207
0.507091634,0.434626986,0.05828138
0.030370463,0.683417911,0.286211625
0.140840782,0.790311912,0.068847306
0.668287891,0.239532536,0.092179573
0.480345259,0.45134614,0.068308602
0.330763623,0.226519673,0.442716704
0.056431802,0.688386527,0.255181671
0.17137139,0.791247708,0.037380901
0.594505313,0.044824312,0.360670375
0.35309155,0.569722822,0.077185628
0.04723084,0.274268169,0.678500991
0.560520607,0.075551135,0.363928258
0.148312834,0.039682428,0.812004738
0.393604741,0.372213222,0.234182037
0.345404493,0.638392276,0.016203232
0.186312801,0.697404384,0.116282814
0.155430837,0.511833618,0.332735545
0.196511618,0.349020566,0.454467816
0.117859085,0.68931021,0.192830705
0.522094293,0.30011416,0.177791547
0.385149544,0.58509082,0.029759636
0.430739505,0.560492828,0.008767667
0.021818661,0.602743092,0.375438247
0.069250572,0.805062419,0.125687009
0.039529813,0.870070496,0.090399691
0.194240501,0.656143799,0.1496157
0.43526167,0.386553983,0.178184346
0.005399411,0.652314019,0.34228657
0.597006653,0.240351166,0.16264218
0.067840993,0.358885521,0.573273486
0.14090644,0.815118224,0.043975335
0.264036986,0.359170297,0.376792717
0.003396538,0.98407437,0.012529092
0.426333313,0.30112132,0.272545367
0.024678213,0.966795064,0.008526723
0.553612399,0.36005556,0.086332041
0.226960747,0.638475017,0.134564236
0.129896571,0.131409147,0.738694282
0.271557611,0.146925155,0.581517234
0.681148834,0.212758219,0.106092947
0.005080376,0.960277181,0.034642443
0.130168298,0.61963839,0.250193311
0.065525934,0.889161435,0.045312632
0.858760902,0.076410072,0.064829026
0.150921254,0.828129131,0.020949615
0.25327832,0.569499672,0.177222008
0.779132558,0.154834846,0.066032596
0.40665788,0.587126649,0.006215471
0.680168696,0.27057286,0.049258444
0.543569132,0.406707325,0.049723543
0.845369427,0.063059692,0.091570881
0.497227215,0.196344148,0.306428637
0.808631299,0.037326453,0.154042247
0.102495209,0.029517322,0.867987469
0.865415764,0.122245272,0.012338965
0.977098905,0.020928478,0.001972617
0.319491087,0.38575581,0.294753103
0.427027414,0.097515113,0.475457473
0.774222899,0.051650039,0.174127062
0.31580241,0.130088443,0.554109147
0.479223673,0.316365498,0.204410829
0.241187092,0.265797707,0.493015201
0.559334993,0.364079966,0.076585041
0.079304574,0.218815199,0.701880227
0.344827246,0.526066826,0.129105927
0.406028664,0.049462301,0.544509035
0.197960062,0.706098769,0.095941169
0.417291535,0.52332008,0.059388384
0.347124376,0.475853035,0.177022588
0.723534036,0.042256712,0.234209252
0.895823484,0.039985188,0.064191327
0.430503705,0.144906927,0.424589369
0.297094121,0.508854959,0.194050921
0.471749719,0.366286535,0.161963746
0.13200675,0.543336118,0.324657133
0.68583139,0.116434734,0.197733876
0.753252059,0.183233775,0.063514166
0.03924458,0.831616242,0.129139178
0.354587379,0.251308005,0.394104617
0.273527396,0.144921991,0.581550613
0.048885542,0.847509769,0.103604689
0.235529894,0.276384453,0.488085653
0.298830881,0.240354209,0.46081491
0.504616135,0.127685099,0.367698765
0.859537599,0.133153471,0.00730893
0.375552494,0.240804617,0.383642889
0.51568144,0.259768835,0.224549725
0.908600487,0.020474217,0.070925295
0.469706653,0.118529206,0.411764142
0.862621691,0.095183613,0.042194695
0.92871467,0.035661449,0.03562388
0.206434304,0.505628183,0.287937512
0.221090618,0.563895669,0.215013713
0.540456094,0.196368635,0.263175271
0.426098476,0.34444303,0.229458494
0.109172267,0.187452376,0.703375357
0.060116007,0.116367596,0.823516397
0.357176103,0.275606925,0.367216972
0.453943147,0.164066676,0.381990177
0.050787978,0.303075584,0.646136438
0.002782194,0.960198043,0.037019763
0.760025401,0.184203136,0.055771463
0.182286701,0.754587531,0.063125769
0.532711205,0.143915339,0.323373456
0.286614475,0.465553758,0.247831767
0.492577439,0.447974467,0.059448094
0.201067973,0.776563651,0.022368376
0.460274134,0.052711353,0.487014514
0.184073842,0.028047531,0.787878627
0.244670505,0.052524358,0.702805136
0.100285406,0.347004511,0.552710083
0.110189751,0.884592342,0.005217908
0.124064085,0.408996427,0.466939488
0.335029413,0.617356857,0.04761373
0.001400583,0.995012386,0.003587031
0.200102297,0.518147513,0.28175019
0.204824413,0.609401101,0.185774485
0.058798218,0.331553492,0.60964829
0.894957189,0.083403493,0.021639318
0.360840011,0.139257905,0.499902083
0.177805519,0.512281793,0.309912688
0.251238896,0.638297842,0.110463262
0.067550815,0.830798372,0.101650813
0.240043912,0.679818621,0.080137466
0.433408496,0.556033864,0.01055764
0.190696371,0.086461243,0.722842386
0.794783628,0.17879398,0.026422391
0.01055276,0.767712938,0.221734302
0.059209358,0.732868273,0.207922369
0.428243899,0.532246733,0.039509368
0.236349867,0.586295429,0.177354705
0.099955827,0.898660648,0.001383524
0.151781019,0.761997892,0.086221089
0.304469652,0.229685606,0.465844742
0.258987584,0.029840267,0.711172148
0.627454857,0.026909788,0.345635355
0.031651209,0.87854547,0.089803321
0.561624165,0.334632807,0.103743028
0.240380336,0.167622821,0.591996843
0.003762411,0.880147371,0.116090218
0.223180852,0.373302308,0.403516839
0.279725719,0.164361351,0.55591293
0.502759696,0.417036979,0.080203325
0.226249078,0.717273217,0.056477704
0.397686369,0.5493642,0.05294943
0.112482995,0.802496728,0.085020277
0.476218194,0.010142461,0.513639344
0.097426322,0.429602427,0.472971252
0.242758036,0.452994482,0.304247482
0.890769672,0.067441172,0.041789157
0.669765432,0.205325055,0.124909513
0.64995044,0.06868928,0.281360279
0.054736471,0.798708076,0.146555453
0.840103456,0.076744207,0.083152337
0.071332498,0.194070944,0.734596559
0.263863805,0.233965576,0.502170619
0.91640012,0.068987158,0.014612722
0.677089629,0.289756546,0.033153825
0.696210036,0.011521588,0.292268376
0.130923238,0.302438834,0.566637928
0.570703356,0.001840858,0.427455785
0.920205878,0.013738204,0.066055919
0.614877532,0.240880401,0.144242067
0.21663516,0.778469648,0.004895192
0.85402104,0.020239241,0.125739719
0.504613313,0.019730869,0.475655818
0.710399191,0.009347228,0.280253581
0.460428002,0.334044239,0.205527759
0.127486545,0.218118729,0.654394727
0.3968783,0.558429543,0.044692157
0.167482953,0.696588758,0.135928289
0.631573862,0.267953856,0.100472282
0.122526551,0.105944045,0.771529404
0.065626839,0.219962558,0.714410604
0.636995528,0.185504764,0.177499708
0.90858462,0.086721588,0.004693792
0.894164645,0.079810306,0.02602505
0.550394458,0.268300168,0.181305375
0.230856563,0.555315946,0.213827491
0.112000248,0.198305531,0.689694221
0.436074284,0.059313748,0.504611968
0.355904869,0.031864751,0.61223038
0.381072306,0.533643431,0.085284263
0.095433581,0.306658571,0.597907848
0.704147251,0.013289738,0.282563012
0.916598408,0.027657119,0.055744473
0.686097473,0.073053551,0.240848977
0.138278885,0.453666361,0.408054755
0.060668759,0.18550336,0.753827881
0.524820546,0.083640574,0.391538881
0.407264099,0.221517028,0.371218873
0.782626562,0.022872532,0.194500905
0.293424262,0.405069145,0.301506592
0.004623877,0.564748766,0.430627357
0.01457988,0.37174737,0.61367275
0.214299986,0.353900821,0.431799193
0.549707548,0.38879624,0.061496212
0.729173852,0.048478923,0.222347225
0.928755619,0.045758716,0.025485665
0.78902763,0.143431638,0.067540732
0.093895057,0.744461685,0.161643258
0.175694024,0.162560459,0.661745517
0.031380127,0.679299205,0.289320669
0.057440113,0.511363708,0.431196179
0.295581867,0.539752596,0.164665537
0.042494888,0.910452655,0.047052456
0.095372532,0.894125254,0.010502214
0.408356445,0.550526526,0.041117029
0.030157568,0.96436871,0.005473722
0.016381614,0.251518093,0.732100293
0.051914145,0.781779606,0.166306248
0.363129331,0.544078435,0.092792233
0.365751105,0.529566583,0.104682313
0.576886724,0.371844852,0.051268425
0.05955323,0.764914466,0.175532303
0.820953025,0.13622594,0.042821034
0.037060391,0.484096492,0.478843117
0.439758288,0.426662985,0.133578727
0.105959116,0.696144618,0.197896266
0.017223908,0.888660587,0.094115505
0.271294005,0.530879191,0.197826804
0.006672609,0.988472073,0.004855318
0.540349172,0.236951078,0.22269975
0.283514125,0.587033406,0.129452469
0.286040623,0.481907887,0.23205149
0.161289422,0.440621042,0.398089536
0.026168508,0.758148612,0.21568288
0.064012518,0.931081923,0.004905559
0.005980762,0.744833409,0.24918583
0.061931323,0.904785638,0.033283039
0.125683504,0.702684895,0.171631601
0.030435818,0.937647177,0.031917006
0.001578291,0.391657145,0.606764564
0.370694344,0.058243638,0.571062018
0.540539605,0.001991617,0.457468778
0.195787117,0.049448371,0.754764512
0.101578579,0.660594653,0.237826768
0.019194821,0.959845899,0.020959281
0.785888455,0.130044501,0.084067045
0.019390166,0.952350455,0.028259379
0.304947201,0.559134921,0.135917878
0.0970697,0.472897928,0.430032372
0.030918793,0.938231314,0.030849893
0.077746604,0.826499749,0.095753646
0.086791304,0.651511588,0.261697108
0.073528693,0.844583567,0.081887739
0.066165485,0.773854321,0.159980194
0.011995064,0.760999933,0.227005003
0.315899237,0.534086574,0.150014189
0.30417404,0.536235243,0.159590718
0.166037677,0.457635041,0.376327282
0.004037196,0.697085111,0.298877693
0.493358334,0.03809918,0.468542486
0.311001345,0.365524941,0.323473714
0.46794474,0.098597118,0.433458142
0.783316462,0.172356684,0.044326854
0.908022126,0.004570133,0.087407741
0.537532961,0.111169729,0.35129731
0.498576565,0.36923551,0.132187925
0.79594447,0.013253787,0.190801744
0.216584627,0.654740015,0.128675358
0.809660982,0.062794508,0.12754451
0.268508527,0.638923294,0.092568178
0.110286547,0.374496325,0.515217128
0.383855549,0.193605023,0.422539428
0.087037595,0.724219328,0.188743077
0.783030377,0.020567743,0.19640188
0.242552223,0.339841926,0.417605851
0.571382454,0.220877497,0.207740049
0.693964132,0.258021517,0.048014351
0.089727962,0.628273703,0.281998335
0.334287584,0.420649761,0.245062656
0.903045321,0.052386639,0.04456804
0.82586143,0.146861766,0.027276804
0.172869153,0.519361502,0.307769345
0.1210018,0.851319367,0.027678833
0.870844007,0.09141303,0.037742963
0.82607752,0.020836938,0.153085542
0.275855259,0.431013781,0.293130959
0.887500566,0.076660698,0.035838735
0.525653006,0.183904939,0.290442055
0.215445664,0.746186213,0.038368123
0.927722565,0.039494613,0.032782822
0.197452837,0.024781632,0.777765531
0.960468532,0.011748254,0.027783214
0.278142994,0.691107581,0.030749425
0.314815213,0.628616396,0.056568391
0.993804743,0.002204323,0.003990935
0.806583114,0.034871761,0.158545125
0.387783788,0.213540569,0.398675643
0.692108068,0.299463299,0.008428633
0.067369541,0.094250506,0.838379954
0.793475507,0.168582704,0.037941789
0.797961337,0.020630091,0.181408572
0.213866086,0.068390206,0.717743708
0.709821829,0.269557062,0.02062111
0.498006425,0.028940222,0.473053352
0.441861661,0.401261479,0.15687686
0.643452701,0.178140595,0.178406704
0.354022195,0.510934919,0.135042886
0.820580406,0.146811082,0.032608513
0.322119259,0.534018969,0.143861773
0.605529839,0.265533696,0.128936465
0.189552884,0.66333539,0.147111727
0.212294822,0.672865931,0.114839247
0.807042196,0.09584801,0.097109794
0.048767183,0.75010039,0.201132427
0.259328607,0.464005549,0.276665844
0.875640307,0.092442656,0.031917037
0.202892352,0.347701094,0.449406554
0.550555707,0.351666085,0.097778208
0.199876206,0.716783091,0.083340702
0.00494355,0.973314531,0.021741919
0.944802748,0.047002278,0.008194974
0.101064472,0.381737545,0.517197983
0.178361682,0.004715152,0.816923166
0.015975908,0.982231937,0.001792155
0.238153731,0.723161884,0.038684385
0.032612939,0.206413617,0.760973444
0.164947869,0.813504757,0.021547374
0.168913342,0.82759369,0.003492968
0.292127573,0.267256625,0.440615802
0.059107843,0.901390302,0.039501855
0.622634573,0.323661064,0.053704364
0.045856524,0.748048414,0.206095062
0.087833132,0.032759641,0.879407227
0.446853671,0.51185506,0.041291269
0.036899387,0.722249047,0.240851567
0.061032403,0.925348255,0.013619342
0.201352232,0.150634316,0.648013452
0.630257198,0.127459906,0.242282895
0.298597606,0.43761763,0.263784765
0.167629793,0.568636811,0.263733396
0.080257534,0.671042082,0.248700384
0.092264896,0.897615482,0.010119622
0.3669844,0.554745691,0.078269909
0.587142579,0.29699884,0.115858581
0.284262609,0.284814779,0.430922611
0.051000353,0.462171939,0.486827708
0.191982501,0.51882634,0.289191159
0.731858031,0.249329414,0.018812555
0.021426838,0.872521554,0.106051608
0.257105577,0.3766252,0.366269222
0.275945603,0.293783667,0.43027073
0.184133614,0.507371789,0.308494597
0.154797294,0.654424441,0.190778266
0.387003917,0.115502594,0.497493489
0.041421515,0.621941058,0.336637427
0.143605506,0.58199792,0.274396574
0.645912885,0.295686731,0.058400384
0.063900125,0.136078609,0.800021266
0.407425215,0.224693522,0.367881263
0.154338285,0.175755086,0.669906629
0.356161529,0.432228811,0.21160966
0.64448353,0.092849826,0.262666644
0.490682915,0.050428236,0.458888848
0.561778918,0.049470362,0.38875072
0.933411504,0.048395504,0.018192991
0.85382009,0.05618625,0.089993659
0.874893906,0.010333787,0.114772307
0.474967598,0.37660516,0.148427242
0.305753327,0.180390685,0.513855989
0.545348943,0.144610328,0.310040729
0.748411567,0.068324137,0.183264296
0.985944922,0.011680768,0.00237431
0.203467706,0.637915485,0.158616808
0.677216205,0.287391583,0.035392212
0.523019252,0.103042617,0.373938131
0.910494733,0.036383752,0.053121515
0.374871724,0.429230664,0.195897612
0.812154377,0.058334982,0.129510641
0.079800971,0.251123232,0.669075797
0.931761402,0.064388963,0.003849635
0.229617771,0.070198424,0.700183805
0.271920766,0.608318114,0.11976112
0.396285573,0.159810194,0.443904234
0.623815025,0.032004554,0.34418042
0.728541808,0.020773291,0.250684901
0.578314567,0.056318381,0.365367052
0.129351447,0.452866966,0.417781588
0.400346936,0.480515504,0.119137559
0.486618331,0.409091828,0.104289841
0.877141874,0.104405553,0.018452573
0.533380494,0.073847752,0.392771754
0.762061122,0.132805993,0.105132885
0.854191769,0.044203271,0.10160496
0.449720715,0.074394095,0.47588519
0.31711117,0.221134412,0.461754418
0.021249114,0.680298038,0.298452848
0.240983098,0.202898325,0.556118578
0.219908134,0.485461842,0.294630024
0.156816627,0.50446459,0.338718783
0.372152004,0.377111482,0.250736514
0.463047905,0.422964638,0.113987457
0.408526784,0.581322834,0.010150382
0.704390497,0.239487635,0.056121868
0.523591952,0.176128884,0.300279164
0.980709679,0.000142362,0.019147959
0.407566081,0.387262879,0.20517104
0.212642832,0.149090417,0.638266751
0.256567638,0.333085,0.410347362
0.563409494,0.300963524,0.135626982
0.173611344,0.65163172,0.174756936
0.354125802,0.553506122,0.092368076
0.690412991,0.030123403,0.279463606
0.067948325,0.563308374,0.368743301
0.137863753,0.686373782,0.175762465
0.08730942,0.902525036,0.010165545
0.371050341,0.07173261,0.557217049
0.12509244,0.239665435,0.635242125
0.071624056,0.773819882,0.154556061
0.361727835,0.617042379,0.021229786
0.515773155,0.109524722,0.374702123
0.018027402,0.829417921,0.152554677
0.006807569,0.967995262,0.025197169
0.272726388,0.379116654,0.348156958
0.291872132,0.543748588,0.16437928
0.026252324,0.881176484,0.092571192
0.108014758,0.163193329,0.728791912
0.326005808,0.604903622,0.06909057
0.044503091,0.24451286,0.710984049
0.080719592,0.741411467,0.177868941
0.273182109,0.501217371,0.22560052
0.129742839,0.652257104,0.218000057
0.053172125,0.736557511,0.210270364
0.148286191,0.294882042,0.556831767
0.021925988,0.111234105,0.866839907
0.064405992,0.612324374,0.323269635
0.649591267,0.12709064,0.223318093
0.084308502,0.894859417,0.020832081
0.075956483,0.502697938,0.421345579
0.333661076,0.3953156,0.271023324
0.228290715,0.745100064,0.026609221
0.137183604,0.762506364,0.100310033
0.023340024,0.956097603,0.020562373
0.335059615,0.384451363,0.280489022
0.157996235,0.821313899,0.020689866
0.153810646,0.763871314,0.08231804
0.005346948,0.99091086,0.003742192
0.13762448,0.808235453,0.054140067
0.633877656,0.057266537,0.308855808
0.28868669,0.326558173,0.384755138
0.287778092,0.3339963,0.378225609
0.643087442,0.146016111,0.210896447
0.173685733,0.573252349,0.253061917
0.205331297,0.135411693,0.65925701
0.127880119,0.637394295,0.234725586
0.763992338,0.209602315,0.026405347
0.329231596,0.47320352,0.197564884
0.587364577,0.090423959,0.322211465
0.6995603,0.211590277,0.088849423
0.675902874,0.023243124,0.300854003
0.404618226,0.522219138,0.073162636
0.950046836,0.004586182,0.045366982
0.858214494,0.004186105,0.1375994
0.601199218,0.338376243,0.060424539
0.275487623,0.41795482,0.306557557
0.060069215,0.381202522,0.558728263
0.687466325,0.223499991,0.089033684
0.03354426,0.466081434,0.500374305
0.431620264,0.286753403,0.281626333
0.757098256,0.238102152,0.004799592
0.931597716,0.038384066,0.030018217
0.686810028,0.067494804,0.245695168
0.695235603,0.062011176,0.242753221
0.203516609,0.304484294,0.491999096
0.729444903,0.234988301,0.035566796
0.420034582,0.503282429,0.076682989
0.499986618,0.03684335,0.463170032
0.866560383,0.068070369,0.065369247
0.9682589,0.027710716,0.004030384
0.751879609,0.182915547,0.065204844
0.679754282,0.098575066,0.221670651
0.854310941,0.119772434,0.025916625
0.738171632,0.183412167,0.078416201
0.549643037,0.278196472,0.172160491
0.003462301,0.146402992,0.850134707
0.502079335,0.182120528,0.315800137
0.635382096,0.326315923,0.038301981
0.374345749,0.150630223,0.475024029
0.616362437,0.23452381,0.149113752
0.165458699,0.634792643,0.199748658
0.546307157,0.302813634,0.150879209
0.035063142,0.248361699,0.716575159
0.397393443,0.278759821,0.323846736
0.992926356,0.001890168,0.005183476
0.881476604,0.106040608,0.012482788
0.762415972,0.006532378,0.23105165
0.61165421,0.156132059,0.232213732
0.686170751,0.124122982,0.189706267
0.973399285,0.01812007,0.008480645
0.440818285,0.329422926,0.229758789
0.791238753,0.047683819,0.161077429
0.333606325,0.022069716,0.644323959
0.85438868,0.060162188,0.085449132
0.974445574,0.020653552,0.004900873
0.223100214,0.271046113,0.505853673
0.634378191,0.353571092,0.012050717
0.320477935,0.376993629,0.302528436
0.036655777,0.021636242,0.941707981
0.00784217,0.894535757,0.097622073
0.007832078,0.845307542,0.14686038
0.038755638,0.101363216,0.859881146
0.030399708,0.945987057,0.023613235
0.013072335,0.816405248,0.170522418
0.01909352,0.863088091,0.117818389
0.595957801,0.308904916,0.095137283
0.103952455,0.779154337,0.116893207
0.536914725,0.234964446,0.228120829
0.531048956,0.04350008,0.425450964
0.011919947,0.850027842,0.138052211
0.048268194,0.949445041,0.002286764
0.414431923,0.114098675,0.471469402
0.236068028,0.217317315,0.546614657
0.423571996,0.212616308,0.363811695
0.04762907,0.268892559,0.683478371
0.04989219,0.94508301,0.005024801
0.348332793,0.60587536,0.045791847
0.38832795,0.56452974,0.04714231
0.021516748,0.856293806,0.122189447
0.062389008,0.736366149,0.201244843
0.263451547,0.519329719,0.217218734
0.257172287,0.677498546,0.065329168
0.216226947,0.660280115,0.123492939
0.43876769,0.133318252,0.427914058
0.37079848,0.460985272,0.168216248
0.315400077,0.622648664,0.061951258
0.040148172,0.653046354,0.306805474
0.847766673,0.05159486,0.100638468
0.095458245,0.740581736,0.163960018
0.149905166,0.580840915,0.269253918
0.002049394,0.950478579,0.047472028
0.503810267,0.109695181,0.386494552
0.115561381,0.848769594,0.035669025
0.269729746,0.701172276,0.029097978
0.479730735,0.113242151,0.407027114
0.467796541,0.419329868,0.112873591
0.120016716,0.877213571,0.002769713
0.108283175,0.819546867,0.072169958
0.398171343,0.22866831,0.373160347
0.182292988,0.513368259,0.304338753
0.532160945,0.307392194,0.160446861
0.014853286,0.26053652,0.724610194
0.201835363,0.064152705,0.734011931
0.093978654,0.897745217,0.008276129
0.315491873,0.598030875,0.086477252
0.189283962,0.765168793,0.045547245
0.038530268,0.93242413,0.029045602
0.121148075,0.329011332,0.549840593
0.588762546,0.219416407,0.191821047
0.513458054,0.134563997,0.351977949
0.432341122,0.071256723,0.496402155
0.722156313,0.028078067,0.249765621
0.313580195,0.2382595,0.448160305
0.552697525,0.091078103,0.356224372
0.475683816,0.099342448,0.424973737
0.708460394,0.152365224,0.139174383
0.659936673,0.278406929,0.061656398
0.02192027,0.480035332,0.498044397
0.448003906,0.006312275,0.545683819
0.22347089,0.544463827,0.232065283
0.294691937,0.056522285,0.648785778
0.402245995,0.589613969,0.008140036
0.606818751,0.220438043,0.172743205
0.939067184,0.045612091,0.015320725
0.629198613,0.324552616,0.04624877
0.666535653,0.16425281,0.169211536
0.72366836,0.097152223,0.179179417
0.231753242,0.046868289,0.72137847
0.9839478,0.012561086,0.003491114
0.780874622,0.103959556,0.115165821
0.069514303,0.281024986,0.649460711
0.079352002,0.290986074,0.629661924
0.010279455,0.918124266,0.071596279
0.821986358,0.173094774,0.004918867
0.241526492,0.402282398,0.35619111
0.806212396,0.085674974,0.108112629
0.346600211,0.592390447,0.061009343
0.783970877,0.124576062,0.091453061
0.274861554,0.546841802,0.178296644
0.68104354,0.129697207,0.189259252
0.850054162,0.096982444,0.052963394
0.537256338,0.010392054,0.452351608
0.184612281,0.365539195,0.449848524
0.885973436,0.0265904,0.087436164
0.789210036,0.086797429,0.123992535
0.221292435,0.668416489,0.110291077
0.556118718,0.305559265,0.138322018
0.01227426,0.226184457,0.761541283
0.284326219,0.301933757,0.413740024
0.999423371,0.000246758,0.00032987
0.876309687,0.078156394,0.045533919
0.143380341,0.376409074,0.480210585
0.99933513,0.000301383,0.000363487
0.055309608,0.108228055,0.836462338
0.611398754,0.197649495,0.190951751
0.783385683,0.161648788,0.054965529
0.480386397,0.485313455,0.034300148
0.874511419,0.064411399,0.061077182
0.542713858,0.262790591,0.19449555
0.016581692,0.907545274,0.075873034
0.200018971,0.118137797,0.681843232
0.215060193,0.719616386,0.065323421
0.590597681,0.096973308,0.312429012
0.732655203,0.244671814,0.022672983
0.095343743,0.443365009,0.461291248
0.206512438,0.454790708,0.338696854
0.078226132,0.259841183,0.661932686
0.006575357,0.846832519,0.146592125
0.21499804,0.206025673,0.578976286
0.101408898,0.793553206,0.105037895
0.153383517,0.151572222,0.695044261
0.285298295,0.428512756,0.286188949
0.041355901,0.943972373,0.014671726
0.147008462,0.821288771,0.031702767
0.66460624,0.290268167,0.045125593
0.504664595,0.111452005,0.383883399
0.372626763,0.251340134,0.376033103
0.394701887,0.45844886,0.146849253
0.380043059,0.545418386,0.074538555
0.230642841,0.26166018,0.507696979
0.446701392,0.505924878,0.04737373
0.111957127,0.826257514,0.061785359
0.330913445,0.602028292,0.067058263
0.204185389,0.470933589,0.324881022
0.040389446,0.008724816,0.950885738
0.636684959,0.162709528,0.200605513
0.762680577,0.172264698,0.065054725
0.744325543,0.048447932,0.207226525
0.253292692,0.466933177,0.279774131
0.190762852,0.769814362,0.039422786
0.003754075,0.994912781,0.001333144
0.1044004,0.874338226,0.021261375
0.30156638,0.168695828,0.529737792
0.240263709,0.223683285,0.536053006
0.703722943,0.089544071,0.206732986
0.131755468,0.789310172,0.07893436
0.510697498,0.047741198,0.441561304
0.271662854,0.062952601,0.665384545
0.006613192,0.975302471,0.018084337
0.045739271,0.794874923,0.159385805
0.271118584,0.572395677,0.156485738
0.016973305,0.840505477,0.142521219
0.13292254,0.660877942,0.206199518
0.436785316,0.163208083,0.4000066
0.002878407,0.971438136,0.025683457
0.029414898,0.726304343,0.244280759
0.120528174,0.34374224,0.535729586
0.298207998,0.236255636,0.465536366
0.888480405,0.047047085,0.06447251
0.144925119,0.543216284,0.311858597
0.498083354,0.352880436,0.149036209
0.291275737,0.479635391,0.229088873
0.937164603,0.054734874,0.008100523
0.991008277,0.007662437,0.001329286
0.182622343,0.423924965,0.393452692
0.131819301,0.722737254,0.145443445
0.973557284,0.021184805,0.005257911
0.017630012,0.536580617,0.445789371
0.367800827,0.103295678,0.528903495
0.88317154,0.067053391,0.049775069
0.237215015,0.504605704,0.258179282
0.179911484,0.627441964,0.192646551
0.448068439,0.078326128,0.473605433
0.440676692,0.317938393,0.241384915
0.047763604,0.36085751,0.591378886
0.211057891,0.73012862,0.058813489
0.915787923,0.065893315,0.018318762
0.916137892,0.039933699,0.043928409
0.454470243,0.084252704,0.461277053
0.76549067,0.056229608,0.178279722
0.410534135,0.405110064,0.184355801
0.439552252,0.342873644,0.217574104
0.424567916,0.517461397,0.057970687
0.042649015,0.391250281,0.566100704
0.757111218,0.166726842,0.07616194
0.680096092,0.293954602,0.025949307
0.644580276,0.353190975,0.002228749
0.673548925,0.004174796,0.322276279
0.630650604,0.213800619,0.155548777
0.516863521,0.141112868,0.342023611
0.36866456,0.413610579,0.217724861
0.525575745,0.153959347,0.320464908
0.073324399,0.656379581,0.27029602
0.248018781,0.419466715,0.332514504
0.963568216,0.020456881,0.015974903
0.509926496,0.297358737,0.192714767
0.450164505,0.103947635,0.44588786
0.805927065,0.03415094,0.159921995
0.599487652,0.146065047,0.254447302
0.779214631,0.157603651,0.063181719
0.391693126,0.434014279,0.174292596
0.087216743,0.848633524,0.064149733
0.930965305,0.065936069,0.003098626
0.44150256,0.285522155,0.272975285
0.1090817,0.536695629,0.354222671
0.498782543,0.347264208,0.153953248
0.537768869,0.157039417,0.305191714
0.821505926,0.145392614,0.03310146
0.367713312,0.287556516,0.344730172
0.419174248,0.338447621,0.242378131
0.28171032,0.445388697,0.272900983
0.046396427,0.936899011,0.016704562
0.053325888,0.936396346,0.010277766
0.077296149,0.814994524,0.107709328
0.445683215,0.125703538,0.428613247
0.021283505,0.960782344,0.017934151
0.508451069,0.489088163,0.002460768
0.342276542,0.355737681,0.301985777
0.015316374,0.545320364,0.439363261
0.322003548,0.11535922,0.562637232
0.096587112,0.600115369,0.303297519
0.072393385,0.219715028,0.707891587
0.811200529,0.127814319,0.060985152
0.079500053,0.822788131,0.097711817
0.037238353,0.705760959,0.257000688
0.183164314,0.212495819,0.604339867
0.055393479,0.746513097,0.198093424
0.016950115,0.945368306,0.037681579
0.010887956,0.971572046,0.017539997
0.232129424,0.682085424,0.085785152
0.450880359,0.146248002,0.402871639
0.04649521,0.575519765,0.377985025
0.064959393,0.892276904,0.042763703
0.0208687,0.837897563,0.141233736
0.166354318,0.369415057,0.464230625
0.092814836,0.352151162,0.555034002
2.22102E-05,0.999533581,0.000444209
0.506594352,0.19034761,0.303058038
0.032895462,0.893222266,0.073882272
0.227732497,0.584683385,0.187584118
0.122326281,0.566261413,0.311412306
0.090746402,0.869377948,0.03987565
0.158495763,0.619960301,0.221543936
0.21013378,0.688201604,0.101664615
0.013916682,0.958866362,0.027216955
0.385922099,0.040279204,0.573798697
0.402364177,0.155872907,0.441762916
0.019860515,0.862805569,0.117333917
0.225651944,0.669945772,0.104402284
0.319283175,0.526695699,0.154021125
0.109895747,0.878451683,0.011652569
0.587253492,0.158539011,0.254207497
0.045958116,0.914252888,0.039788996
0.000368635,0.050437903,0.949193462
0.071453912,0.571168385,0.357377703
0.687104494,0.268649561,0.044245945
0.013703622,0.822145441,0.164150937
0.139711684,0.30141407,0.558874246
0.406360993,0.576404905,0.017234102
0.882363253,0.111663882,0.005972865
0.472225987,0.083519026,0.444254987
0.821896969,0.128189889,0.049913142
0.887312697,0.005794414,0.106892889
0.781906524,0.142253279,0.075840197
0.524751586,0.269808094,0.20544032
0.555782811,0.170078549,0.27413864
0.339005911,0.18430505,0.476689039
0.65506081,0.162638769,0.182300422
0.472303292,0.180658525,0.347038183
0.710885641,0.153288471,0.135825888
0.336269728,0.236601119,0.427129153
0.62399934,0.367368579,0.008632081
0.774804054,0.059565215,0.165630731
0.592277681,0.192757835,0.214964483
0.655248803,0.269302411,0.075448786
0.521658153,0.406344155,0.071997692
0.195804246,0.177422572,0.626773182
0.282142565,0.585781728,0.132075706
0.762568171,0.136663614,0.100768215
0.201172015,0.453010242,0.345817743
0.71215643,0.243824096,0.044019474
0.598948345,0.354167703,0.046883952
0.372116064,0.104438411,0.523445525
0.556871714,0.238811942,0.204316344
0.685586688,0.211160365,0.103252947
0.525749504,0.342265552,0.131984943
0.766485832,0.222936353,0.010577815
0.578242784,0.164084389,0.257672827
0.888472498,0.045464072,0.06606343
0.397709572,0.30261425,0.299676179
0.864331031,0.033142186,0.102526783
0.553867097,0.007520755,0.438612148
0.854105966,0.036110943,0.109783091
0.121603774,0.77126656,0.107129666
0.752395993,0.013199531,0.234404476
0.731009857,0.066959401,0.202030742
0.102928234,0.226820618,0.670251149
0.538447366,0.024104369,0.437448265
0.497089873,0.074921108,0.427989019
0.82778161,0.020966838,0.151251552
0.707314151,0.10868071,0.18400514
0.242382819,0.548856396,0.208760785
0.72491696,0.166567522,0.108515519
0.497107102,0.289119328,0.21377357
0.461622424,0.061931245,0.476446331
0.334253649,0.195291543,0.470454808
0.727793748,0.122016714,0.150189538
0.505267184,0.384774037,0.109958779
0.84610954,0.134315481,0.019574979
0.013236066,0.717498585,0.26926535
0.366326563,0.19864922,0.435024217
0.029163687,0.630236928,0.340599385
0.675856169,0.010594943,0.313548889
0.297555146,0.609638085,0.092806769
0.358337429,0.145131019,0.496531552
0.212418843,0.667750765,0.119830392
5.71094E-05,0.697082372,0.302860518
0.558552914,0.008822126,0.43262496
0.244017614,0.374817605,0.381164781
0.260838248,0.579381384,0.159780368
0.134008795,0.7735681,0.092423106
0.021106478,0.940790798,0.038102724
0.114078985,0.87032883,0.015592185
0.963017325,0.020577134,0.016405541
0.048051733,0.868316967,0.0836313
0.417113354,0.527211249,0.055675398
0.269198357,0.694230287,0.036571356
0.04182773,0.870891599,0.087280671
0.1920845,0.165770479,0.64214502
0.146276688,0.361301072,0.49242224
0.132682133,0.266500594,0.600817273
0.239757255,0.733028816,0.02721393
0.02266354,0.370573039,0.606763421
0.111023443,0.126553815,0.762422742
0.026846486,0.900446676,0.072706838
0.3695391,0.382093792,0.248367108
0.795296267,0.095662672,0.109041062
0.069953663,0.517259788,0.412786549
0.426804349,0.317384821,0.25581083
0.121176197,0.777688631,0.101135172
0.074304273,0.095254794,0.830440933
0.788709931,0.064415325,0.146874743
0.03087793,0.89965819,0.06946388
0.077518259,0.179717621,0.742764119
0.274626567,0.395245685,0.330127748
0.224992882,0.596109474,0.178897645
0.587370233,0.020963881,0.391665886
0.259587621,0.504777343,0.235635036
0.503260421,0.049412022,0.447327557
0.022699736,0.941835758,0.035464506
0.531759276,0.318182815,0.150057909
0.132203468,0.67688044,0.190916093
0.248454906,0.297449134,0.45409596
0.170005832,0.369598541,0.460395627
0.112834695,0.751553401,0.135611904
0.133731418,0.463845329,0.402423254
0.174826725,0.705621254,0.119552021
0.408590542,0.126389548,0.46501991
0.457639504,0.267727027,0.274633469
0.684578946,0.229810626,0.085610429
0.150170972,0.811771892,0.038057136
0.321045795,0.019147697,0.659806507
0.316901397,0.60606885,0.077029753
0.109687667,0.689092988,0.201219345
0.251046784,0.484814986,0.264138231
0.58886365,0.377446203,0.033690147
0.905452863,0.081949303,0.012597834
0.440015134,0.199782264,0.360202602
0.738364379,0.042527608,0.219108013
0.551767644,0.288936197,0.159296159
0.571653305,0.15272994,0.275616755
0.684112834,0.065033895,0.250853271
0.604477781,0.377205438,0.018316781
0.854304552,0.113857533,0.031837915
0.513835539,0.226359394,0.259805066
0.707061385,0.078157393,0.214781222
0.680427534,0.079262145,0.240310321
0.29198207,0.394757968,0.313259963
